1 438.0 20.93
2 418.0 20.45
3 422.0 20.54
4 437.0 20.90
5 438.0 20.93
6 423.0 20.57
7 438.0 20.93
8 417.0 20.42
9 431.0 20.76
10 471.0 21.70
11 408.0 20.20
12 420.0 20.49
13 411.0 20.27
14 496.0 22.27
15 455.0 21.33
16 455.0 21.33
17 429.0 20.71
18 412.0 20.30
19 477.0 21.84
20 430.0 20.74
21 424.0 20.59
22 443.0 21.05
23 448.0 21.17
24 448.0 21.17
25 412.0 20.30
26 455.0 21.33
27 395.0 19.87
28 453.0 21.28
29 488.0 22.09
30 476.0 21.82
31 417.0 20.42
32 437.0 20.90
33 481.0 21.93
34 459.0 21.42
35 472.0 21.73
36 459.0 21.42
37 428.0 20.69
38 439.0 20.95
39 453.0 21.28
40 414.0 20.35
41 440.0 20.98
42 438.0 20.93
43 476.0 21.82
44 432.0 20.78
45 473.0 21.75
46 477.0 21.84
47 420.0 20.49
48 483.0 21.98
49 403.0 20.07
50 459.0 21.42
